c graphWalk.cr
p sp 960903 2047780
a 5693915680 1710078374 [32.288174724506696,32.288174724506696,0,2.4216131043380025,0.0,0]
a 1710078374 29556603 [10.421250578148722,10.421250578148722,0,0.7815937933611542,0.0,0]
a 29556603 1828300760 [201.48400798448577,201.48400798448577,0,15.111300598836433,0.0,0]
a 1828300760 29556553 [87.19301047218742,87.19301047218742,0,6.539475785414057,0.0,0]
a 29556553 29556534 [125.21171396461092,125.21171396461092,0,9.39087854734582,0.0,0]
a 29556534 29556553 [125.21171396461092,125.21171396461092,0,9.39087854734582,0.0,0]
a 29556553 1828300760 [87.19301047218742,87.19301047218742,0,6.539475785414057,0.0,0]
a 1828300760 29556603 [201.48400798448577,201.48400798448577,0,15.111300598836433,0.0,0]
a 29556603 1710078374 [10.421250578148722,10.421250578148722,0,0.7815937933611542,0.0,0]
a 1710078374 5693915680 [32.288174724506696,32.288174724506696,0,2.4216131043380025,0.0,0]
a 29556610 29556602 [69.48923719587448,69.48923719587448,0,5.211692789690586,0.0,0]
a 29556602 29556563 [33.038095767288084,33.038095767288084,0,2.4778571825466065,0.0,0]
a 29556563 29556568 [34.95547718131719,34.95547718131719,0,2.6216607885987897,0.0,0]
a 29556568 29556569 [33.31732085618025,33.31732085618025,0,2.498799064213519,0.0,0]
a 29556569 29556603 [34.43828695650636,34.43828695650636,0,2.582871521737977,0.0,0]
a 29556603 1828300794 [43.502298429299074,43.502298429299074,0,3.2626723821974304,0.0,0]
a 1828300794 1828300795 [48.87210420366054,48.87210420366054,0,3.6654078152745404,0.0,0]
a 1828300795 1828300796 [45.62010853904188,45.62010853904188,0,3.421508140428141,0.0,0]
a 1828300796 1828300795 [45.62010853904188,45.62010853904188,0,3.421508140428141,0.0,0]
a 1828300795 1828300794 [48.87210420366054,48.87210420366054,0,3.6654078152745404,0.0,0]
a 1828300794 29556603 [43.502298429299074,43.502298429299074,0,3.2626723821974304,0.0,0]
a 29556603 29556569 [34.43828695650636,34.43828695650636,0,2.582871521737977,0.0,0]
a 29556569 29556568 [33.31732085618025,33.31732085618025,0,2.498799064213519,0.0,0]
a 29556568 29556563 [34.95547718131719,34.95547718131719,0,2.6216607885987897,0.0,0]
a 29556563 29556602 [33.038095767288084,33.038095767288084,0,2.4778571825466065,0.0,0]
a 29556602 29556610 [69.48923719587448,69.48923719587448,0,5.211692789690586,0.0,0]
a 29556627 3280906298 [6.657617738072589,6.657617738072589,0,0.4993213303554442,0.0,0]
a 3280906298 5693916025 [2.3144219880682724,2.3144219880682724,0,0.17358164910512042,0.0,0]
a 5693916025 3280906297 [60.16691943192206,60.16691943192206,0,4.512518957394154,0.0,0]
a 3280906297 1744514805 [16.105693386851385,16.105693386851385,0,1.207927004013854,0.0,0]
a 1744514805 3280906296 [19.281654350756313,19.281654350756313,0,1.4461240763067236,0.0,0]
a 3280906296 685468542 [12.752120498453104,12.752120498453104,0,0.9564090373839828,0.0,0]
a 685468542 1744514800 [20.90718919726611,20.90718919726611,0,1.5680391897949582,0.0,0]
a 1744514800 1027204707 [94.1999976868927,94.1999976868927,0,7.064999826516952,0.0,0]
a 1027204707 1027215694 [37.409823794076864,37.409823794076864,0,2.805736784555765,0.0,0]
a 1027215694 278237866 [68.58205863172398,68.58205863172398,0,5.143654397379299,0.0,0]
a 278237866 1027215696 [18.29134956042901,18.29134956042901,0,1.3718512170321755,0.0,0]
a 1027215696 692277640 [37.518434443878014,37.518434443878014,0,2.813882583290851,0.0,0]
a 692277640 647226465 [19.12911886346391,19.12911886346391,0,1.4346839147597932,0.0,0]
a 647226465 692277644 [41.603129212556006,41.603129212556006,0,3.1202346909417007,0.0,0]
a 692277644 647226468 [44.03590027141526,44.03590027141526,0,3.3026925203561444,0.0,0]
a 647226468 29556628 [31.30490798544071,31.30490798544071,0,2.347868098908053,0.0,0]
a 29556628 647226468 [31.30490798544071,31.30490798544071,0,2.347868098908053,0.0,0]